96274077
117519467
64151707
95880839
130252635
82118879
97083318
99537749
75632044
87174978
109442584
115511262
121517931
67837906
122581620
93174946
118585158
123170358
127284045
130171817
106998040
124561909
130054146
29304874
103279542
110501989
117257631
124682150
130170850
53885691
84436020
108773557
118191665
123560391
123838639
124502193
73918478
79076166
122909216
127098346
119168974
129899925
61368153
114116541
114316657
117341871
80735470
91764368
103816945
78453992
120660193
129789361
118109932
98420513
125734759
129028681
109033859
125800760
60284715
77557735
80605481
76770954
116136841
118244718
79459889
113696231
124089403
98511222
51728499
79309465
100381021
106577900
107316736
44708220
70651124
80744956
130279517
118682567
126083364
37018309
84344220
23921054
46827864
96817532
43648912
61574224
97328942
99815761
123214595
63023722
114040827
117617454
119930107
127770097
80635756
117122792
54969151
100505087
104456648
116967717
130278215
111210781
97148743
120836898
115837154
123307412
93442487
127910063
61743966
91541960
118282615
118567220
127753892
40076591
45109753
106819432
129108998
33574111
58532089
111407597
120385346
121969660
123087155
130162693
23660374
89899227
15984742
115610891
126574443
130279001
30310848
82840416
123766635
123820700
102970184
103749069
128173581
117981508
118407507
130254912
130275517
113788531
120088204
126483809
97782903
98982033
73299823
111293652
117872929
51857995
119872890
74819519
77530097
110782334
116627444
130144876
118654256
125076528
200699
117986224
25555327
34131192
94559704
129900197
109402719
113266058
97764193
127708177
130157465
7135187
53790563
127387906
118032848
124370270
124919127
125216382
125861873
100194164
48024996
71109463
78461846
101042145
106144880
113555061
118184630
130277758
28695825
74610583
75717302
76230417
99193552
120507695
99112545
17629875
60328030
121930332
86316723
116822313
77457557
99411429
120136516
123693855
125892257
74831795
125568398
116954873
96869186
101020038
105531349
115329145
117214836
14619065
124819989
125807923
79512498
23668721
97702854
119842782
127856862
68816859
78947317
123331760
81840336
122816499
35003551
104430217
124985089
126866047
125998170
127548210
97963815
129752383
40271512
87276733
47783986
51476863
130278471
84040025
127223535
60128025
123259353
126822554
130278115
58089103
120885143
55501320
123306225
127147074
99063258
122803240
112048453
55479685
98327414
111482823
102674823
126709418
130274952
47778780
57781628
94468894
122478510
67762350
88336814
127203225
28980049
54155217
73851348
115911717
28508516
78186200
87862730
114763646
36747459
75954393
107386954
127039995
24418159
56925527
59584642
88210091
130279181
92131018
115323255
119769767
121463949
106474236
104675000
128468144
128978579
109217887
124413661
128230055
129995782
130040153
128910842
108896142
110151433
114055793
113783820
66525613
74061519
88741424
90218295
128844897
42625678
122779759
34592571
42697142
110635396
111039219
112198126
128412471
10767650
56725990
86787650
106115289
129929048
105473485
126651532
113009418
119766962
39807232
101647300
95598930
115288631
129294694
130253589
126905931
95201453
121420723
81245622
82557894
128788392
24664347
90201095
98948818
34439027
92186807
105765120
106300263
125245750
75120399
121968334
7404499
38790261
97997691
102636670
115178251
88163915
122990884
104830432
120197961
124902584
112944632
130040679
30777802
107641132
125032535
75856551
81826591
95580870
106721887
123424972
128576027
42967448
49105670
113951662
46245430
79296585
64161568
86035541
127505811
128838068
129344785
58193061
90749944
119273049
103353507
122787657
129614584
130277652
87261824
126165129
130277025
19986282
119192909
123871328
8175630
85921421
95282252
109240579
129073729
53407195
2899463
125724262
79352162
128994403
83344027
75435797
95012730
32968729
61903846
67607570
109159472
109169163
33212272
74222668
115096528
61362417
104610154
122848182
123977085
126009829
127992209
9722088
127063321
78700082
130278039
96813521
124283362
62253372
92765405
95493175
97066967
104021417
108966823
116382139
47220421
74264091
92888697
103014485
106251599
109112819
127246685
52957693
66103271
117059913
127894098
62596102
57965119
110193318
123625694
128133688
114423722
119107163
129450554
130277566
121955650
115658484
30373507
71415270
129862304
12684756
20317127
28311576
88717993
30853698
35283521
72379599
130279108
60090283
94893116
97914918
121811599
123627658
93550178
111995221
102934894
125669990
30846104
86687580
127119685
104135719
129653220
98321179
124360797
124877567
125062515
57723527
119621076
124183564
129983928
126532830
51749097
97255862
114418959
40161153
43975672
122658881
130134063
129450856
9865620
58040901
61521802
130026789
28421318
39792483
86482212
94937920
121014137
98091171
116061879
108959308
106669632
83380723
87841028
70950438
81907398
69557614
73892628
102566866
109044069
110225027
130277447
89073459
96117139
37110325
106516399
117983225
54768499
83978920
63997897
129275454
85755399
103994284
51879253
126578374
100139065
102606356
127841558
129914973
90836149
125792718
127167118
104977552
31545989
78633492
81039334
96569258
108762450
122621629
126918908
127999334
119699500
126174695
129785771
93855784
121973146
130037662
70033562
90628772
101411719
91867749
129788149
87681857
110696827
129871637
124358395
128280380
112726551
31718512
107589955
127919090
36489223
76873342
120283343
127584963
107737926
110552200
75738522
97253485
108684396
126390518
128639286
85478923
22124812
87356230
115690787
117994394
125843963
93640248
127404187
130278741
86045033
88875961
103889073
122224098
96812021
127261118
47745663
65896364
106921606
65502355
95805178
97956000
128931619
130128129
117983107
36295149
74910073
102099618
113702827
116329049
123406723
40211386
94996740
118540684
66728420
36189826
53453691
11436250
74036632
77497324
96876105
98505326
110368345
78938943
124543251
114514649
103268554
114604032
117926750
79208753
23123821
106731919
78509690
89100993
120275690
108500057
130265922
110901264
126005685
128462550
129607756
96013275
119839342
129591816
104707943
115587672
129941626
51741983
110401220
87913286
90399265
98393728
124489999
35170703
113487700
117841168
118444484
119071780
43356325
80685297
104312891
111075991
124414558
130016285
52080669
77444591
122576947
125605468
42345497
122636687
54278677
60105058
111457110
113689009
121966403
125595479
127546232
129096826
99299690
100770167
129848414
40838799
126487371
105947497
127028720
130278249
9847392
60352299
128792299
44348520
57220764
58539089
80217780
39285478
61178890
124751134
129132284
130138422
44056013
75859360
85015725
113890799
95876357
112203426
129557538
25004346
79137285
121963999
19914818
77033411
129429529
70760464
96485533
125306583
99902027
100321827
126587106
48684325
118176426
130197434
106755925
112413479
126194945
108327784
16157278
93912790
103172572
111598587
117030982
124999555
118821514
126260519